15

0
0.000000
0.000000
-10.000000
0.000000
0.000000
0.000000
0.000000
0.000000
0.000000
0.000000
0.000000
0.000000
0.000000
0.000000
0.000000
0.000000
0.000000
0.000000
0.000000
0.000000
0.000000
0.000000
0.000000
0.000000
0.000000
0.000000

1
1.000000
0.000000
0.000000
-10.000000
35.000000
60.000000
0.000000
30.000000
-20.000000
-20.000000
180.000000
180.000000
-60.000000
0.000000
60.000000
0.000000
0.000000
0.000000
0.000000
0.000000
0.000000
0.000000
0.000000
0.000000
0.000000
0.000000

2
2.000000
0.000000
0.000000
-10.000000
35.000000
120.000000
0.000000
60.000000
-20.000000
-20.000000
-180.000000
-180.000000
0.000000
-60.000000
0.000000
0.000000
0.000000
60.000000
0.000000
0.000000
0.000000
0.000000
0.000000
0.000000
0.000000
0.000000

3
3.000000
0.000000
0.000000
-10.000000
30.000000
180.000000
0.000000
-90.000000
0.000000
0.000000
180.000000
180.000000
-60.000000
0.000000
60.000000
0.000000
0.000000
0.000000
0.000000
0.000000
0.000000
0.000000
0.000000
0.000000
0.000000
0.000000

4
4.000000
0.000000
0.000000
-10.000000
25.000000
240.000000
0.000000
-30.000000
0.000000
0.000000
-180.000000
-180.000000
0.000000
-60.000000
0.000000
0.000000
0.000000
60.000000
0.000000
0.000000
0.000000
0.000000
0.000000
0.000000
0.000000
0.000000

5
5.000000
0.000000
0.000000
-10.000000
15.000000
300.000000
0.000000
0.000000
0.000000
0.000000
180.000000
180.000000
-60.000000
0.000000
60.000000
0.000000
0.000000
0.000000
0.000000
0.000000
0.000000
0.000000
0.000000
0.000000
0.000000
0.000000

6
6.000000
0.000000
0.000000
-10.000000
10.000000
360.000000
0.000000
30.000000
0.000000
0.000000
-180.000000
-180.000000
0.000000
-60.000000
0.000000
0.000000
0.000000
60.000000
0.000000
0.000000
0.000000
0.000000
0.000000
0.000000
0.000000
0.000000

7
7.000000
0.000000
0.000000
-10.000000
10.000000
360.000000
0.000000
30.000000
0.000000
0.000000
-180.000000
-180.000000
0.000000
-60.000000
0.000000
0.000000
0.000000
60.000000
0.000000
0.000000
0.000000
0.000000
0.000000
0.000000
0.000000
0.000000

8
8.000000
0.000000
0.000000
-10.000000
10.000000
180.000000
0.000000
20.000000
0.000000
0.000000
-180.000000
-180.000000
0.000000
-60.000000
0.000000
0.000000
0.000000
60.000000
0.000000
0.000000
0.000000
0.000000
0.000000
0.000000
0.000000
0.000000

9
9.000000
0.000000
0.000000
-10.000000
10.000000
180.000000
0.000000
20.000000
-20.000000
-20.000000
-180.000000
-180.000000
0.000000
-60.000000
0.000000
0.000000
0.000000
60.000000
0.000000
0.000000
0.000000
0.000000
0.000000
0.000000
0.000000
0.000000

10
10.000000
0.000000
0.000000
-10.000000
10.000000
180.000000
0.000000
20.000000
-20.000000
-20.000000
-180.000000
-180.000000
0.000000
-60.000000
0.000000
0.000000
0.000000
60.000000
0.000000
0.000000
0.000000
0.000000
0.000000
0.000000
0.000000
0.000000

11
11.000000
0.000000
0.000000
-10.000000
10.000000
180.000000
0.000000
20.000000
-20.000000
-20.000000
-180.000000
-180.000000
0.000000
-60.000000
0.000000
0.000000
0.000000
60.000000
0.000000
0.000000
0.000000
0.000000
0.000000
1.000000
0.000000
15.000000

12
12.000000
0.000000
0.000000
-10.000000
10.000000
180.000000
0.000000
20.000000
-20.000000
-20.000000
-180.000000
-180.000000
0.000000
-60.000000
0.000000
0.000000
0.000000
60.000000
0.000000
0.000000
0.000000
0.000000
0.000000
-8.000000
-30.000000
60.000000


13
13.000000
0.000000
0.000000
-10.000000
10.000000
180.000000
0.000000
20.000000
-20.000000
-20.000000
-180.000000
-180.000000
0.000000
-60.000000
0.000000
0.000000
0.000000
60.000000
0.000000
0.000000
0.000000
0.000000
0.000000
-10.000000
-50.000000
80.000000

14
14.000000
0.000000
0.000000
-10.000000
10.000000
180.000000
0.000000
20.000000
-20.000000
-20.000000
-180.000000
-180.000000
0.000000
-60.000000
0.000000
0.000000
0.000000
60.000000
0.000000
0.000000
0.000000
0.000000
0.000000
-10.000000
-50.000000
80.000000

15
15.000000
0.000000
0.000000
-10.000000
10.000000
180.000000
0.000000
20.000000
-20.000000
-20.000000
-180.000000
-180.000000
0.000000
-60.000000
0.000000
0.000000
0.000000
60.000000
0.000000
0.000000
0.000000
0.000000
0.000000
-10.000000
-50.000000
80.000000

